Simulation,Variance,H0,H1,H2,Avg_H0,Avg_H1,Avg_H2,Var_H0,Var_H1,Var_H2
0,0.0,6.0,1.0,1.0,65.2,12.0,1.0,105.35999999999999,0.0,0.0
0,0.1,12.0,3.0,0.0,44.18181818181818,9.0,0.0,127.42148760330578,48.666666666666664,0.0
0,0.2,18.0,4.0,0.0,34.705882352941174,6.0,0.0,364.79584775086505,4.5,0.0
0,0.3,23.0,6.0,1.0,33.72727272727273,8.166666666666666,5.0,320.3801652892562,14.805555555555555,0.0
0,0.4,29.0,13.0,2.0,32.5,8.538461538461538,1.0,270.0357142857143,27.633136094674555,0.0
0,0.5,33.0,12.0,3.0,26.96875,8.333333333333334,4.333333333333333,247.0302734375,35.55555555555556,1.5555555555555554
0,0.6,40.0,17.0,4.0,26.05128205128205,7.117647058823529,3.0,258.4589086127548,19.044982698961938,2.0
0,0.7,41.0,22.0,6.0,28.05,5.909090909090909,2.8333333333333335,231.09750000000003,21.355371900826444,3.805555555555556
0,0.8,47.0,23.0,6.0,25.043478260869566,6.913043478260869,3.1666666666666665,240.25897920604916,31.99243856332703,4.805555555555555
0,0.9,51.0,26.0,8.0,24.04,5.961538461538462,3.5,226.5584,24.34467455621302,4.5
1,0.0,6.0,1.0,0.0,62.2,8.0,0.0,77.76000000000002,0.0,0.0
1,0.1,12.0,1.0,0.0,42.72727272727273,1.0,0.0,319.2892561983471,0.0,0.0
1,0.2,14.0,3.0,1.0,39.46153846153846,4.333333333333333,5.0,621.0177514792899,5.5555555555555545,0.0
1,0.3,19.0,4.0,0.0,35.22222222222222,5.0,0.0,423.3950617283951,12.5,0.0
1,0.4,26.0,11.0,1.0,36.56,5.7272727272727275,1.0,177.2064,12.925619834710744,0.0
1,0.5,25.0,10.0,0.0,35.75,5.0,0.0,293.2708333333333,9.8,0.0
1,0.6,31.0,12.0,3.0,33.56666666666667,5.5,1.3333333333333333,182.37888888888887,16.916666666666668,0.2222222222222222
1,0.7,36.0,13.0,2.0,28.0,5.615384615384615,1.0,291.42857142857144,13.62130177514793,0.0
1,0.8,38.0,13.0,3.0,26.027027027027028,4.923076923076923,1.3333333333333333,280.94521548575597,13.301775147928993,0.2222222222222222
1,0.9,43.0,15.0,2.0,25.714285714285715,5.666666666666667,1.5,274.5850340136055,14.222222222222223,0.25
2,0.0,5.0,0.0,0.0,49.0,0.0,0.0,309.5,0.0,0.0
2,0.1,12.0,1.0,0.0,33.36363636363637,4.0,0.0,233.14049586776858,0.0,0.0
2,0.2,16.0,2.0,0.0,27.333333333333332,2.0,0.0,280.88888888888886,1.0,0.0
2,0.3,22.0,1.0,0.0,28.666666666666668,2.0,0.0,273.8412698412699,0.0,0.0
2,0.4,26.0,5.0,1.0,25.12,6.6,1.0,289.5456,12.24,0.0
2,0.5,29.0,4.0,0.0,23.892857142857142,4.75,0.0,245.80994897959187,18.6875,0.0
2,0.6,36.0,9.0,2.0,24.742857142857144,5.777777777777778,1.0,208.8195918367347,21.50617283950617,0.0
2,0.7,39.0,8.0,0.0,21.789473684210527,5.875,0.0,234.32409972299172,6.609375,0.0
2,0.8,43.0,11.0,1.0,21.571428571428573,5.0,1.0,198.19727891156467,9.454545454545455,0.0
2,0.9,47.0,11.0,1.0,21.0,5.363636363636363,1.0,216.65217391304347,10.413223140495868,0.0
3,0.0,6.0,0.0,0.0,45.0,0.0,0.0,88.8,0.0,0.0
3,0.1,11.0,3.0,0.0,38.8,3.6666666666666665,0.0,168.36,6.222222222222222,0.0
3,0.2,17.0,4.0,1.0,28.8125,6.25,4.0,188.90234375,33.6875,0.0
3,0.3,21.0,6.0,2.0,31.05,4.666666666666667,1.5,120.54749999999999,7.555555555555556,0.25
3,0.4,28.0,13.0,1.0,29.555555555555557,5.3076923076923075,1.0,106.17283950617283,10.674556213017754,0.0
3,0.5,33.0,12.0,1.0,24.9375,3.4166666666666665,2.0,123.30859375,5.909722222222221,0.0
3,0.6,37.0,14.0,1.0,25.22222222222222,4.071428571428571,1.0,156.2283950617284,6.637755102040819,0.0
3,0.7,41.0,18.0,1.0,24.15,4.444444444444445,1.0,127.12750000000001,8.580246913580247,0.0
3,0.8,44.0,17.0,2.0,23.13953488372093,4.764705882352941,4.0,160.25959978366686,8.41522491349481,1.0
3,0.9,49.0,21.0,1.0,22.354166666666668,4.190476190476191,3.0,133.1870659722222,8.249433106575964,0.0
4,0.0,6.0,0.0,0.0,50.0,0.0,0.0,58.0,0.0,0.0
4,0.1,12.0,2.0,0.0,39.81818181818182,4.5,0.0,97.60330578512395,0.25,0.0
4,0.2,18.0,5.0,0.0,34.76470588235294,3.6,0.0,116.17993079584774,0.6400000000000002,0.0
4,0.3,24.0,4.0,0.0,29.565217391304348,3.0,0.0,139.5500945179584,3.5,0.0
4,0.4,24.0,9.0,1.0,29.347826086956523,4.777777777777778,2.0,34.4007561436673,19.950617283950617,0.0
4,0.5,32.0,13.0,2.0,26.870967741935484,5.0,4.5,97.40270551508846,23.53846153846154,2.25
4,0.6,36.0,11.0,4.0,23.285714285714285,5.636363636363637,5.25,108.71836734693876,23.50413223140496,9.1875
4,0.7,40.0,18.0,4.0,24.871794871794872,4.555555555555555,3.25,97.75279421433265,19.246913580246915,5.1875
4,0.8,44.0,21.0,6.0,22.86046511627907,4.285714285714286,2.6666666666666665,99.98053001622498,15.537414965986395,4.222222222222222
4,0.9,47.0,21.0,4.0,22.58695652173913,5.238095238095238,3.25,94.72069943289226,29.800453514739235,5.1875
