Simulation,Variance,H0,H1,H2,Avg_H0,Avg_H1,Avg_H2,Var_H0,Var_H1,Var_H2
0,0.0,51.0,26.0,8.0,24.04,5.961538461538462,3.5,226.5584,24.34467455621302,4.5
0,0.1,55.0,29.0,9.0,22.248792984005476,5.374451822247998,3.135300530327691,248.98825932960898,25.23257327063307,4.896768322453063
0,0.2,55.0,28.0,9.0,22.23212417980863,5.5695633207048685,3.0865601433648004,250.17391357231816,26.339839077658933,5.048145459233323
0,0.3,53.0,31.0,10.0,22.984372490157302,5.130012194956502,2.796178436279297,240.8179426889092,25.464126973384673,4.424808224803419
0,0.4,57.0,26.0,10.0,21.428639966329293,5.966759314903846,2.7942161560058594,253.70270131027974,24.80074050634183,5.804311935172882
0,0.5,58.0,29.0,11.0,20.9831445473328,5.427568776854153,2.744632374156605,256.7357503442041,25.584473911265217,4.990826288863779
0,0.6,58.0,29.0,9.0,21.042455694278736,5.564209703741403,3.2228207058376737,259.3115204466458,25.768891316907276,4.485207993228183
0,0.7,56.0,29.0,9.0,21.789361189049668,5.533578679479402,3.7604170905219183,250.1838837224222,26.561122146020008,9.310134894808863
0,0.8,54.0,31.0,9.0,22.557617737296617,5.1656030262670205,2.7143397861056857,242.362141590687,25.272553598835295,4.128571603849623
0,0.9,56.0,26.0,10.0,21.792451560226354,5.904234812809871,3.378214645385742,251.87343570195614,28.145459649821948,3.532798005364166
0,1.0,55.0,32.0,10.0,22.025201402742553,4.950163096189499,2.8371673583984376,248.6079179424755,25.94420891068397,4.332440143681597
0,1.1,53.0,32.0,12.0,22.886683859504185,5.248342145234346,2.2398293813069663,230.6324465153232,26.160695507393264,3.3374768271383393
0,1.2,51.0,31.0,12.0,23.757375490305712,5.003908997581851,2.64411195119222,232.60024094235425,25.949106967497872,4.254253778336129
0,1.3,51.0,31.0,13.0,23.83031208485365,5.337179991506761,2.2566152719350963,230.11786187170964,26.424636818733813,2.9769170979804573
0,1.4,53.0,27.0,13.0,22.939850185353023,6.172703875435723,2.4311678959773135,238.0972149001637,26.29264487681564,7.287179927197153
0,1.5,54.0,32.0,12.0,22.300763523241258,5.130887925624847,2.1203673680623374,237.7385347251446,24.257104504468195,4.669475523222496
0,1.6,53.0,31.0,9.0,22.566637455217112,5.143393035857908,3.5096617804633246,228.39392672770268,25.675748808363817,7.106611866467664
0,1.7,54.0,26.0,10.0,22.189357873263223,6.142669531015249,2.622850799560547,237.24230076475772,23.692797506098778,2.7545199356775263
0,1.8,53.0,29.0,16.0,22.692534184226623,5.300619470662084,1.8720548152923584,232.0363819026708,25.5698362289857,4.119003405789897
0,1.9,50.0,33.0,16.0,24.215224076822704,5.877329526525555,2.528184413909912,218.83094010470424,32.438312048445944,5.6648418239344664
0,2.0,47.0,30.0,10.0,25.045639019297518,5.742629891633987,2.119601821899414,199.17310562177417,30.184161325031948,4.462523967125017
1,0.0,43.0,15.0,2.0,25.714285714285715,5.666666666666667,1.5,274.5850340136055,14.222222222222223,0.25
1,0.1,45.0,22.0,4.0,24.503988679540768,3.9087893707063897,0.9625415802001953,290.2382941439558,16.423763220649423,0.5567135940254957
1,0.2,45.0,22.0,4.0,24.47361890815029,3.84042795159092,0.8009777069091797,288.4819457404218,16.322994483834314,0.37136068259496824
1,0.3,46.0,21.0,5.0,23.939547188580036,4.071951528168505,0.7154090881347657,295.9208209347361,15.811783739341355,0.49819063554983584
1,0.4,47.0,23.0,6.0,23.28638244647047,3.7372437985209017,0.3047208711504936,297.4923484332138,15.223680126072667,0.08373292872328884
1,0.5,48.0,24.0,3.0,22.850337888332124,3.562828299764078,0.8725858777761459,304.40768489509003,14.973965998656238,0.5054497607174283
1,0.6,47.0,24.0,3.0,23.270040281197947,3.6677608443812155,0.9125633239746094,302.04932494517516,16.86618552393085,1.188663869232793
1,0.7,48.0,29.0,4.0,22.62355756410893,3.0949454744314324,0.8289880752563477,299.0369671874601,13.421929983073886,0.19103703220298485
1,0.8,48.0,27.0,3.0,22.815502362365418,3.3093583017880857,1.1815808614095051,298.629577469118,14.265591421911257,1.7255282258880065
1,0.9,48.0,23.0,6.0,22.851991540256968,3.7248655972273452,0.8504691819349924,294.1154149064857,14.329305556930265,0.1613748323979541
1,1.0,46.0,25.0,8.0,23.611382986522383,3.3648588967323305,0.5521780885756016,289.4726584114461,17.488148183981895,0.14977524231989311
1,1.1,45.0,25.0,6.0,24.08519783480601,3.509370693564415,0.4553063710530599,284.8637524754876,13.539458300683437,0.13720747765627392
1,1.2,48.0,25.0,11.0,22.367555208345678,3.6228671553730964,0.8518273125995289,302.8739899243416,12.693743349590981,1.3575150933458717
1,1.3,49.0,26.0,5.0,22.15042493166402,3.6619529873132706,0.5294395446777344,295.2061061935694,14.476143301296334,0.13067734869313424
1,1.4,47.0,27.0,7.0,23.00871293052383,3.9494421471048287,0.8848325674022947,298.74972308124313,15.327036163974071,0.7714678806851983
1,1.5,46.0,29.0,8.0,23.331504454877642,3.633832479088471,0.958977222442627,292.3529270413831,15.577108944639308,0.7900026265685938
1,1.6,46.0,30.0,9.0,23.14813713497586,3.7002567982378727,1.0918471018473308,282.1452853904034,14.33804458303057,0.9476105289084242
1,1.7,45.0,25.0,8.0,23.92543860423294,3.946751718223095,1.3323702700436115,279.27481304154213,16.065214284649407,1.769995367504653
1,1.8,44.0,28.0,5.0,24.00436303790572,3.6427747373070036,1.268157958984375,265.1305159633576,13.315512455789085,1.599791100883158
1,1.9,46.0,35.0,9.0,22.83984417087502,3.14658693926675,0.5456409454345703,282.71596382035085,12.02990803727254,0.26833979562959737
1,2.0,46.0,30.0,9.0,23.025486546092562,3.5674833327531816,1.3528175354003906,263.4926006426838,15.119894323177334,0.7254723346235955
2,0.0,47.0,11.0,1.0,21.0,5.363636363636363,1.0,216.65217391304347,10.413223140495868,0.0
2,0.1,54.0,13.0,3.0,18.220926851310924,4.495676590846135,0.5006103515625,238.22632639707885,12.420724828214723,0.28746500134972547
2,0.2,50.0,15.0,4.0,19.628631313388446,3.9673694610595702,0.2764921188354492,228.71306205524607,13.151553617685664,0.18866059770789434
2,0.3,55.0,12.0,2.0,17.845048695337027,4.825782299041748,0.9100799560546875,239.99754939935906,11.65140284621043,0.2592662850074703
2,0.4,54.0,13.0,3.0,18.146957423748834,4.3660113994891825,0.484466552734375,239.22727944194781,12.091411317829369,0.35513592678277445
2,0.5,50.0,14.0,3.0,19.68773711731239,4.180341678006308,0.8792991638183594,230.02242003587912,13.547700698948143,0.3338576014211867
2,0.6,51.0,16.0,2.0,19.173053700253366,3.673861399292946,1.3865394592285156,225.66909978781726,12.065931727574215,0.5897619391325861
2,0.7,52.0,14.0,4.0,18.72318894343049,4.112809317452567,0.8728375434875488,233.8928051810253,11.165065030083868,0.8098497202561248
2,0.8,48.0,15.0,3.0,20.317400646450473,4.096827530860901,0.9230575561523438,223.63614987781648,13.192457002561948,0.08061624208736855
2,0.9,50.0,16.0,4.0,19.310512320043483,3.6783554814755917,0.9311652183532715,227.38865003887148,11.744201187895534,0.11148759094317029
2,1.0,48.0,17.0,4.0,20.08432940377834,3.4925554640152874,0.7484006881713867,219.36860108004026,11.525480286031893,0.4931077211685988
2,1.1,51.0,17.0,4.0,19.016445110458882,3.4174762508448433,1.229245662689209,226.23290678885002,11.18390442447642,0.8617605019887833
2,1.2,51.0,17.0,3.0,19.189405143857,3.9441210171755623,1.6327400207519531,229.01423949525324,13.021259696576518,1.2341542086311772
2,1.3,50.0,21.0,3.0,19.39150750606644,2.974880808875674,0.7620989481608073,222.2865999499723,8.930307235554425,0.08583195214871214
2,1.4,49.0,19.0,5.0,19.460278521912795,3.5793555371561334,1.2693580627441405,217.6029091072578,10.690148667022253,0.7447845004301052
2,1.5,48.0,20.0,3.0,20.301841594992165,3.4364079535007477,0.7606493631998698,216.1965623200362,8.876220763888764,0.641412752567299
2,1.6,44.0,19.0,6.0,21.625959550225456,3.3980875281911147,0.7793928782145182,201.14332291821378,10.18985089400684,0.3617073205407198
2,1.7,46.0,20.0,5.0,20.852115628123283,3.1446745112538337,1.4131668090820313,214.63133589636237,8.806782671462027,1.354533361517824
2,1.8,47.0,18.0,5.0,19.92901093609955,3.584981679916382,0.3957408905029297,217.77141324803375,11.778219287434347,0.050066592862131075
2,1.9,50.0,15.0,6.0,18.87888353829253,3.616492486000061,1.0185966491699219,211.03461402452567,8.93041454442986,0.662714675675185
2,2.0,46.0,19.0,5.0,20.217615387322276,2.6635375681676363,1.2410591125488282,196.25478266087782,7.96602601195048,0.732865554317832
3,0.0,49.0,21.0,1.0,22.354166666666668,4.190476190476191,3.0,133.1870659722222,8.249433106575964,0.0
3,0.1,54.0,22.0,4.0,20.204512506433463,4.033928350968794,0.864375114440918,162.83815119447613,8.984144564459358,1.6763427545620289
3,0.2,54.0,23.0,3.0,20.200767641500484,3.838352037512738,1.1625785827636719,162.1588805209679,8.55243974005321,1.8081221740382414
3,0.3,54.0,22.0,4.0,20.140156093756406,3.9982696013017134,0.9531755447387695,161.9695330464244,8.081633039265295,1.0817815819564203
3,0.4,55.0,24.0,3.0,19.806022056516397,3.9294866720835366,1.5372556050618489,167.3977965418852,8.030464454044852,1.68113859657832
3,0.5,54.0,24.0,5.0,20.100056911133372,3.920034646987915,0.7440902709960937,163.05909099241464,8.295135954606337,1.5774284217588135
3,0.6,54.0,23.0,4.0,20.1307299854761,3.943494630896527,1.5337581634521484,159.77630631572367,8.402898317269646,2.984262465575739
3,0.7,55.0,23.0,7.0,19.759522274136543,4.036894425101902,0.7696811131068638,162.5571151796114,8.333437356189139,0.8440656876761695
3,0.8,52.0,24.0,4.0,20.646519617999303,4.039302428563436,1.6170549392700195,152.99540978207753,11.512602486388149,1.412589956856209
3,0.9,52.0,21.0,3.0,20.752931523556803,3.89409909929548,1.3242098490397136,147.67898843776587,8.288309203549709,0.22004909804026182
3,1.0,55.0,25.0,1.0,19.708237635868567,3.295629425048828,2.4607772827148438,163.5052331788155,11.015118967238662,0.0
3,1.1,50.0,21.0,3.0,21.501583469157318,4.575237092517671,1.9505043029785156,138.80444040645102,8.803334227758578,0.432603301043855
3,1.2,54.0,25.0,5.0,19.856283350935524,3.64369987487793,0.9231369018554687,157.85783406634542,7.468791898165457,0.3823873616370838
3,1.3,54.0,24.0,8.0,19.925055612651807,3.8516608079274497,0.8696541786193848,154.0485704867628,8.815566910129435,0.19264580869980819
3,1.4,51.0,23.0,4.0,20.8845780743286,3.850844673488451,1.1311216354370117,143.54597325071697,11.037116220628253,0.536166649219922
3,1.5,51.0,27.0,5.0,21.027001923918725,3.7606720041345665,0.7747978210449219,139.95498521710272,12.750597496245385,0.2625564456137363
3,1.6,55.0,23.0,5.0,19.3718021409931,4.499997843866763,1.2056755065917968,156.3721407059794,10.280875190598772,0.7526433983561582
3,1.7,51.0,31.0,7.0,20.78313804209232,3.3489652449084866,1.624300275530134,144.4316630468579,7.634892712477048,1.3233067737595294
3,1.8,52.0,28.0,10.0,20.516912694070854,4.405616079057966,0.8002437591552735,139.9414469414895,10.312905416453686,0.24841985016377294
3,1.9,50.0,27.0,7.0,21.329875030079666,3.9240040955720126,0.47595977783203125,133.58810606843548,8.145631752681489,0.13266239092834958
3,2.0,52.0,26.0,9.0,20.087423645982554,3.9941944709190955,0.6410306294759115,144.33373024789424,11.60973909991475,0.20142898544630344
4,0.0,47.0,21.0,4.0,22.58695652173913,5.238095238095238,3.25,94.72069943289226,29.80045351473923,5.1875
4,0.1,51.0,26.0,6.0,20.759994890168308,4.245015584505522,2.138167063395182,124.61675421987084,28.046529464492377,5.46548602560587
4,0.2,54.0,27.0,5.0,19.59578064140284,4.157555968673141,2.5197845458984376,139.2315853284235,27.753607693045247,6.02448861000361
4,0.3,53.0,25.0,5.0,19.917455747947454,4.562058944702148,2.729517364501953,134.44654623286348,28.695500555955306,5.878894096616422
4,0.4,52.0,24.0,4.0,20.29195541581687,4.504539171854655,2.8821420669555664,128.1676345429209,27.286019016674697,6.333669261922296
4,0.5,57.0,25.0,6.0,18.43559711739155,4.4377001953125,1.8669598897298176,148.77803588311696,27.667444939905973,5.24441651758227
4,0.6,55.0,28.0,4.0,19.10485036639255,4.10061468396868,2.6884851455688477,139.50440184023557,25.357617793026016,5.666386838830476
4,0.7,56.0,23.0,5.0,18.750443999435415,4.701288554979407,2.7507537841796874,140.09696592291408,27.156603994544774,5.04186038322281
4,0.8,51.0,26.0,6.0,20.777727398648857,4.24172907609206,1.8312486012776692,122.85945473058,25.280327522617025,4.799460380325602
4,0.9,52.0,27.0,5.0,20.35097801721856,4.044298737137406,2.4054824829101564,129.02901773423744,24.975173031473563,8.90972267653793
4,1.0,53.0,29.0,6.0,19.872315308508966,4.5230694474845095,2.5588881174723306,128.03861016625763,24.888193892683216,7.600630063963359
4,1.1,49.0,30.0,8.0,21.13004663446918,4.403115272521973,1.7553787231445312,104.32026811375624,26.097828416422697,4.363234807835397
4,1.2,52.0,29.0,5.0,19.845067715235785,4.427336331071524,2.182076263427734,124.9622918204836,27.31262709484248,3.173209783018101
4,1.3,53.0,28.0,7.0,19.744051354579053,4.252547059740339,1.688809531075614,130.40207297879348,21.274296878420326,3.0396513680283603
4,1.4,54.0,30.0,8.0,19.540816859957182,3.8124976476033527,2.1414966583251953,137.2020074466448,20.539054481408115,3.324474910292338
4,1.5,54.0,30.0,8.0,19.537136885355103,4.3860808690389,2.070528030395508,130.54572470283003,23.464269386409356,3.7158407857641578
4,1.6,52.0,33.0,6.0,19.992471499916384,3.607743754531398,1.6093724568684895,122.76095496346169,20.98990306314492,1.9663565724557788
4,1.7,51.0,34.0,6.0,20.32532638311386,4.237505071303424,2.2806034088134766,115.64553535836195,26.19770001600686,8.387474930213406
4,1.8,51.0,29.0,9.0,20.029629480838775,4.382503969915982,2.1831800672743054,120.22103775798644,23.61495226995553,4.754073472380247
4,1.9,53.0,32.0,8.0,19.65903942143688,4.631768047809601,2.005051612854004,120.19252335143621,27.369616158931617,2.1847866097077713
4,2.0,54.0,28.0,7.0,18.885705205629456,4.382684571402414,1.517590114048549,122.4385667238244,23.024690610096492,2.124000531265498
