./ms 10 5 -t 50 -s 100 -r 2 1000 
50183 42243 41250

//
prob: 1.13522e-26
segsites: 100
positions: 0.0067 0.0102 0.0233 0.0268 0.0411 0.0481 0.0676 0.0787 0.0995 0.1003 0.1054 0.1060 0.1129 0.1408 0.1607 0.1669 0.1691 0.1839 0.1859 0.1925 0.2066 0.2121 0.2195 0.2196 0.2201 0.2273 0.2518 0.2883 0.3007 0.3022 0.3266 0.3283 0.3284 0.3520 0.3676 0.4083 0.4151 0.4156 0.4289 0.4312 0.4722 0.4780 0.4965 0.5071 0.5228 0.5327 0.5390 0.5404 0.5514 0.5562 0.5723 0.5906 0.5936 0.5948 0.5965 0.6007 0.6035 0.6136 0.6184 0.6203 0.6212 0.6218 0.6294 0.6296 0.6559 0.6563 0.6738 0.6943 0.7259 0.7364 0.7404 0.7424 0.7456 0.7497 0.7503 0.7520 0.7741 0.7821 0.7905 0.8017 0.8052 0.8067 0.8070 0.8145 0.8195 0.8323 0.8385 0.8455 0.8502 0.8523 0.8524 0.8620 0.8746 0.8762 0.8893 0.8911 0.8940 0.9075 0.9110 0.9469 
0101000010101000000110000000000001001101001000110010001011000001100101110000000010100101011001001000
1010001100010000110000001110110100110000000001110110000011000001100101110000001010000101011001001000
0101000010101001001110000000000011001101001000110010000011000001100101111000000010000101011001001000
0101010010101000001111000000000001001101001000110010000011000001100101110000001010000101011001001000
0101100000101110000100110001001001001111000110001001110000111100011000000010010101010000100110110010
1010001100000000110000001110110100110000000001110110000011000001100101110100100010001111011001000101
0101000010101000000110000000000001001101001000110010001011000001100101110001000010100101011001001000
1000001101000000110000001110110100110000100001110110000111000011100111110100100010001101011001000001
1000001101000000110000001110110100110000100001110110000111000001100111110100100010001101011001000001
0101000010101000001111000000000001001101011000110010000011000001100101110000001010000101011001001000

//
prob: 0.0247104
segsites: 100
positions: 0.0003 0.0084 0.0131 0.0299 0.0385 0.0428 0.0801 0.0825 0.0882 0.0950 0.1049 0.1073 0.1165 0.1270 0.1347 0.1407 0.1419 0.1421 0.1499 0.1672 0.1734 0.1794 0.1905 0.1913 0.1926 0.2113 0.2189 0.2226 0.2406 0.2425 0.2487 0.2642 0.2653 0.2660 0.2811 0.2825 0.3068 0.3118 0.3228 0.3238 0.3306 0.3458 0.3471 0.3497 0.3503 0.3605 0.3759 0.3830 0.3904 0.4194 0.4228 0.4350 0.4558 0.4683 0.4706 0.4711 0.4826 0.4865 0.5048 0.5138 0.5149 0.5170 0.5359 0.5658 0.5929 0.5963 0.6004 0.6366 0.6473 0.6605 0.6624 0.6633 0.6712 0.6735 0.6788 0.7087 0.7108 0.7361 0.7577 0.7764 0.7779 0.7839 0.8287 0.8415 0.8503 0.8521 0.8614 0.8646 0.8756 0.8764 0.8815 0.8892 0.8909 0.8943 0.9076 0.9571 0.9639 0.9654 0.9908 0.9942 
0100010001101110100000100010100101000011000001000000001000100101010010000011001000000000000010000010
1000000100000000011000000001000010000000000000001100000000011000101101010000000000111000010000000100
0101100000110010000000111000000001000000000000000010010010000000000000000010100000000001101000000001
0110100000110010000100101000000001000000010000000010000010000000000000000010100000000001001000010001
0100001000101010000010100010000101001001100001010000000000100010000010100010000101000000000011001000
0100010001101110100000100010100101000011000001000000001000100101010010000011001000000000000010000010
0000000100000000011000000101010010000100000110001001000101000000000001000100000000100010010000100100
0000000110000001001001000001001010100000000000001000100000000000000001000000010010100100010100000100
0000000100000000011000000101010010000100000110001001000101000000000001000100000000100010010000100100
0100000000101010100000100010000101010011001001100000000000100100000010001010001000000000000010000000

//
prob: 6.74327e-11
segsites: 100
positions: 0.0039 0.0271 0.0412 0.0644 0.0755 0.0769 0.1022 0.1105 0.1156 0.1162 0.1214 0.1264 0.1301 0.1466 0.1525 0.1533 0.1705 0.2033 0.2140 0.2184 0.2203 0.2249 0.2278 0.2292 0.2331 0.2491 0.2493 0.2563 0.2688 0.2698 0.2809 0.2863 0.3152 0.3197 0.3198 0.3224 0.3256 0.3481 0.3523 0.3536 0.3590 0.3666 0.3961 0.3977 0.4325 0.4468 0.4638 0.4777 0.4952 0.4959 0.5167 0.5381 0.5423 0.5493 0.5527 0.5548 0.5551 0.5876 0.6123 0.6321 0.6413 0.6468 0.6522 0.6542 0.6667 0.6783 0.6846 0.6927 0.6998 0.7257 0.7278 0.7301 0.7631 0.7667 0.7743 0.7765 0.7895 0.8046 0.8173 0.8174 0.8189 0.8231 0.8279 0.8299 0.8387 0.8561 0.8652 0.8719 0.8730 0.8782 0.9087 0.9131 0.9223 0.9354 0.9499 0.9570 0.9584 0.9667 0.9800 0.9989 
0000010110001000100000110000100001001010000001000001101100011000100000000101001000010100111010000111
0101010110101000000000010000000000100110000000000000100000001000000000000101011010010000100000000111
0010001000010001000001001101010000010001011010001010010011000011011110000000100001000011000001000000
0000001000010000000001001000000000010001011010001010000011000011010010000000100001100011000000110000
1100110110001000011000010000000000000010100000000000100000101000000001001101001100010000100000000111
0000010110001100100000110000100000010001011010011010000011000011010110100000100001000011000100000000
1100110110001000011010010000000000000010100000000000100000101000000001001101001000010000100000001111
0101010111001010000000010010001010000010100100000000100000001000000000000101011010010000100000000111
1100110110001000011010010000000000000010100000000000100000101100000001001101001000010000100000001111
0100010110001000000100010010000100000010100000100100100000001000000000010111011000011000100000000111

//
prob: 0.00574273
segsites: 100
positions: 0.0022 0.0058 0.0204 0.0420 0.0497 0.0537 0.0693 0.0749 0.0827 0.1064 0.1158 0.1248 0.1277 0.1307 0.1417 0.1451 0.1469 0.1532 0.1550 0.1784 0.1784 0.1909 0.1948 0.1950 0.1975 0.2041 0.2186 0.2333 0.2460 0.2466 0.2503 0.2563 0.2880 0.3251 0.3491 0.3520 0.3561 0.3682 0.3836 0.3915 0.4122 0.4171 0.4363 0.4433 0.4576 0.4597 0.4619 0.4666 0.4928 0.4947 0.4948 0.5006 0.5297 0.5407 0.5605 0.5767 0.5815 0.5823 0.5830 0.5867 0.6133 0.6167 0.6304 0.6333 0.6366 0.6402 0.6428 0.6685 0.6778 0.6785 0.6840 0.6855 0.6880 0.7169 0.7231 0.7321 0.7379 0.7408 0.7521 0.7532 0.7783 0.7971 0.8018 0.8134 0.8206 0.8295 0.8396 0.8473 0.8490 0.8529 0.8574 0.8593 0.8761 0.8814 0.8970 0.9050 0.9070 0.9593 0.9609 0.9842 
0110110110000000001001000000010000100010001000000000010001010010100010010110000110000100001010101110
0100100010000000001001000000000001000000001000000000011001010010101010010110000110000100000010100110
0100110010010000001001010000000000000010001000000000010001010010110010110110100110000100000010100110
1100100010000000001001000000000000010000001000100000010001010010100010011110000110000100000010100110
0100111010010000001001000000000000000010001000000000010001010010100010110110100110000100000010100110
0100100010000000001001000000000000000000001000000000010001010010100010011110000110001100000010100110
0000000000100110100110001101001010000101100110000100100110001100000101000000001000000011100000010001
0001000001001001010000100010100100001000011001001000000000100001000000010011010100110000010110000110
0100100010000000001001000000000001000000001000000001011001010010101010010110000111000100000010100110
0000000000100110100110000101001010000101100100010110000100001100000101000000000000000000100001010000

//
prob: 0.00135102
segsites: 100
positions: 0.0100 0.0141 0.0166 0.0290 0.0328 0.0484 0.0563 0.0615 0.0622 0.0822 0.0893 0.0936 0.0937 0.0976 0.1052 0.1114 0.1136 0.1147 0.1160 0.1165 0.1165 0.1181 0.1192 0.1202 0.1211 0.1346 0.1363 0.1500 0.1602 0.1642 0.1655 0.1809 0.1944 0.2235 0.2306 0.2519 0.2975 0.3487 0.3552 0.3645 0.3647 0.3704 0.4217 0.4498 0.4542 0.4646 0.4667 0.4710 0.4743 0.4836 0.4912 0.5365 0.5365 0.5435 0.5480 0.5684 0.5707 0.5796 0.5955 0.6010 0.6131 0.6330 0.6430 0.6568 0.6574 0.6771 0.6867 0.6882 0.7017 0.7080 0.7362 0.7446 0.7465 0.7582 0.7605 0.7623 0.7777 0.7977 0.8163 0.8195 0.8197 0.8236 0.8308 0.8680 0.8880 0.8901 0.8964 0.9243 0.9264 0.9270 0.9294 0.9335 0.9610 0.9671 0.9741 0.9762 0.9838 0.9866 0.9886 0.9902 
1000000100000000010001011100111100001000100001000000110001010000010010000100000001000001000110001000
0000000100010000000011111111100000000101000000010000000100001110000000000011000000000000101000000000
0100010000001010000001011100100001000000000010101001000010000000101000010000011100110110000000000100
0011101011000001101000000000000000010000000000000110000000000001000101101001100000001000010001000011
1000000100000000010001011100101100001000100001000000110001010000010010000100000001000001000110001000
0000000100010000000011111111100000000101000100010000000100001100000000000011000000000000101000110000
1000000100100000010001011100101100001000101001000000110001010000010010000100000001000001000110001000
1000000100000100010001011100101100001000100001000000110001010000010010000100000001000001000110001000
0000000100010000000011111111100010100111000000010000000100100100000000000011000010000000101000000000
0000000100010000000111111111100000000101010100010000001100001100000000000011000000000000101000000000
