./ms 10 5 -t 50 -s 100 -r 12 1000 
49257 50241 10396

//
prob: 0.00129602
segsites: 100
positions: 0.0072 0.0120 0.0264 0.0334 0.0337 0.0403 0.0472 0.0619 0.0643 0.0764 0.0765 0.0824 0.0902 0.0992 0.1107 0.1585 0.1663 0.1726 0.1788 0.1797 0.1847 0.1997 0.2054 0.2069 0.2080 0.2082 0.2206 0.2207 0.2423 0.2473 0.2474 0.2587 0.3342 0.3473 0.3544 0.3854 0.3935 0.4559 0.4760 0.4778 0.5104 0.5115 0.5210 0.5242 0.5535 0.5572 0.5616 0.5763 0.5865 0.6080 0.6093 0.6094 0.6146 0.6164 0.6168 0.6171 0.6179 0.6230 0.6372 0.6590 0.6604 0.6731 0.6827 0.6908 0.7065 0.7095 0.7171 0.7312 0.7321 0.7360 0.7704 0.7827 0.7859 0.7863 0.8075 0.8176 0.8204 0.8213 0.8378 0.8411 0.8511 0.8526 0.8559 0.8623 0.8744 0.8781 0.8825 0.8907 0.8939 0.9005 0.9105 0.9150 0.9241 0.9326 0.9496 0.9516 0.9528 0.9722 0.9919 0.9922 
1001100100101011110110001110011101000011000010010100110110101110010010001010000011000000000101010001
1001101100101011110110001110011101000011000010010100110110101110010010001010000011000000000001010001
0000000011000000010000001010100000010100011100100010000000010001010100010100100100101010110000001000
0000000001000000010001001011000001000010100010011101001000100110000000000011000011000100000001110001
0000000011000000010000001010100000010100011100100010000000010001010100010110010011000100000001110101
0000000001010100010001001011000001000010100010010101001000100110001000000010000011000100000001110001
1001100100101011110110001110011001000011000010010100110110101110010010001010000011000000001001010001
1101100100101010001000110000000010101010000011010000000001100110110001000010001011010001000011010011
1001100100101011110110001110011001000011000010010100110110101110010010001010000011000000000001010001
0010010001000000010001001011000001000010100010010101001000100110001000100010000011000100000001110001

//
prob: 0.0213507
segsites: 100
positions: 0.0020 0.0027 0.0027 0.0056 0.0259 0.0303 0.0359 0.0385 0.0460 0.0470 0.0502 0.0662 0.0734 0.0864 0.0893 0.1107 0.1125 0.1218 0.1220 0.1236 0.1332 0.1363 0.1422 0.1556 0.1583 0.1616 0.1663 0.1690 0.1692 0.1777 0.1810 0.1847 0.1919 0.1927 0.2111 0.2170 0.2214 0.2257 0.2280 0.2332 0.2366 0.2502 0.2724 0.2796 0.2804 0.2887 0.2893 0.2914 0.2948 0.2976 0.2997 0.3053 0.3275 0.3343 0.3795 0.3845 0.4361 0.4395 0.4586 0.4730 0.4777 0.4942 0.5040 0.5097 0.5121 0.5313 0.5343 0.5566 0.5599 0.5648 0.5735 0.5765 0.5876 0.6096 0.6408 0.6458 0.6521 0.6791 0.6793 0.6963 0.7284 0.7319 0.7385 0.7702 0.7962 0.8274 0.8276 0.8470 0.8597 0.8807 0.8815 0.8834 0.8856 0.8968 0.8992 0.9406 0.9643 0.9772 0.9816 0.9977 
0010001000011100001110000000000000000000110000011011010001000001010000010000000001010010010000000001
0010001000011100001110000000000000001000110000001000010100000001010000000010000001001000100010000000
1001111010001100100010100000000010000001000010001000001000010000000011101101011000101000100000000001
0000000100000001010001010000110101010001000010001100000000011000001100100100100000001000001000000000
0000000100000001010001010000110101010001000010001000000000011000001100100100100000001000001000000000
0010001000111100000010000001000000000000101000011011010000000001010000000000000001010000010000000001
0010001000011110000010000000000000010110000100100000000010110010000000100100000110001000000100001000
0000000101000001010001010100110100110001000010001000100000010000100001100100000000101001000000110000
0010001000011100001110000000001000000000110000001000010100000101010000000010000001000000010001000011
0100000100000001000001011010100000010100000011001000000000010000100001100100000000101101000000010101

//
prob: 0.0152249
segsites: 100
positions: 0.0049 0.0185 0.0309 0.0445 0.0923 0.1040 0.1244 0.1270 0.1367 0.1521 0.1595 0.1799 0.1844 0.1889 0.1897 0.1935 0.1945 0.1997 0.2151 0.2240 0.2574 0.2896 0.2941 0.3102 0.3121 0.3373 0.3455 0.3498 0.3604 0.3705 0.3750 0.3782 0.3907 0.3947 0.3954 0.4058 0.4135 0.4261 0.4279 0.4322 0.4425 0.4446 0.4584 0.4589 0.4601 0.4672 0.4741 0.4837 0.4874 0.4876 0.5133 0.5148 0.5386 0.5477 0.5509 0.5627 0.5649 0.5794 0.5915 0.5936 0.5952 0.6015 0.6018 0.6219 0.6340 0.6499 0.6699 0.6852 0.6971 0.7103 0.7318 0.7573 0.7717 0.8150 0.8231 0.8295 0.8298 0.8378 0.8476 0.8506 0.8532 0.8886 0.8901 0.8904 0.8985 0.9109 0.9214 0.9237 0.9280 0.9298 0.9313 0.9340 0.9515 0.9538 0.9543 0.9561 0.9707 0.9752 0.9789 0.9930 
0011001010000010100100000100010101110000000001000010000001000001100000010000000000110001101101011001
1100000000100000010000010000100000010010000001000000000001000001000001010010010100010001101101011001
0100010000010100010000010000101000010110000001010100000101000011000000010000010010010001101101011001
0100010000001001000011110010100010011000000001000000111010101000011010010100010000010001101111011001
1100000000100000010000011000100000010010000001000000000001000001000001010000010001010001101101011001
0100010000000100010000010001101000010110000001010000000101000011000000010000010010010001101101011001
0001101010000010100100000100010100000001111010101001000000010000000100001001101000001110010000100110
0100010000000100011000010000101000010110000101010000000101000011000000010000010010010001101101011001
0100001101000010100100010000000001110000000001000010000001000001100000010000000000110001101101011001
0100001101000010100100010000100000010010000001000000000001000101000001110000010000010001101101011001

//
prob: 1.12857e-05
segsites: 100
positions: 0.0090 0.0233 0.0448 0.0551 0.0719 0.0802 0.0811 0.1024 0.1220 0.1233 0.1293 0.1356 0.1514 0.1540 0.1541 0.1580 0.1624 0.1629 0.1771 0.1788 0.1821 0.1824 0.1832 0.2031 0.2077 0.2116 0.2402 0.2409 0.2423 0.2473 0.2543 0.2546 0.2553 0.2670 0.2726 0.2789 0.2960 0.2973 0.3051 0.3053 0.3098 0.3232 0.3392 0.3450 0.3508 0.3684 0.3745 0.3862 0.3970 0.4034 0.4098 0.4105 0.4110 0.4125 0.4126 0.4166 0.4256 0.4407 0.4418 0.4523 0.4613 0.4697 0.4742 0.4906 0.4923 0.5131 0.5176 0.5216 0.5228 0.5271 0.5587 0.5823 0.5917 0.5917 0.6004 0.6069 0.6149 0.6345 0.6776 0.7442 0.7691 0.7857 0.7921 0.7964 0.8541 0.8631 0.8916 0.8927 0.9226 0.9272 0.9324 0.9334 0.9365 0.9417 0.9563 0.9619 0.9673 0.9742 0.9802 0.9930 
0001101000011001011000001000010011010010000000000010100000110100111000001000110110000000010001100101
0011101001100010100101000010000000000000000011011100010111010011000111100000111101010011101010011010
0101101000011001001000100010000000000000000011011100010111010011000111100000111101010011101010011010
0001101000011001001000000000010010101101101100111100010110010011000111100110110100001111001010011010
0011101001100010100101010010000000000000000011011100011110001100011000000001000000000011001110011010
1001101000011001001000000001010010101001101100111100010110010011000111110110110100101011001010011010
0001101010011001011000001000010011010010000000000011100000110100111000001000110100000000010001100101
0001101000011001001000000000010010101101101100111100010110010011000111100110110100001111001010011010
0011101001100010100101010010000000000000000011011100010110001100011000000001000000000011001110011010
0000010100100110000010000100101100101001110100011100010110010011000111100000110100010011001010011010

//
prob: 0.0281226
segsites: 100
positions: 0.0044 0.0118 0.0315 0.0363 0.0392 0.0442 0.0450 0.0838 0.0934 0.0982 0.0999 0.1100 0.1254 0.1337 0.1497 0.1538 0.1614 0.1633 0.1747 0.1906 0.1955 0.2329 0.2487 0.2488 0.2567 0.2702 0.2733 0.2765 0.2768 0.2769 0.2779 0.2865 0.2869 0.2900 0.2952 0.2971 0.2976 0.3000 0.3115 0.3116 0.3264 0.3284 0.3310 0.3362 0.3362 0.3410 0.3412 0.3459 0.3466 0.3468 0.3500 0.3597 0.3781 0.3825 0.3886 0.3890 0.3916 0.3942 0.4075 0.4142 0.4149 0.4295 0.4334 0.4354 0.4478 0.4616 0.4702 0.4723 0.4801 0.4870 0.4915 0.4964 0.5141 0.5145 0.5332 0.5789 0.5808 0.6098 0.6191 0.6197 0.6677 0.6689 0.6749 0.7060 0.7151 0.7507 0.7784 0.7791 0.7861 0.7907 0.8101 0.8432 0.8664 0.9295 0.9348 0.9348 0.9350 0.9876 0.9913 0.9970 
0000010001010100000000100000010101011001000001011101010010000011000111000010000001011010000001001000
1000001010000000000001001111101001100000000010111011010001000110100111000000010110100100001000100001
1010000010001010010001001111101001100000000010011011010001000110000111000000000000001001000111001010
0100010000000100000010100000010101010001000000011101010010000011000111000001000000001001100111001110
0000010001010100000000100000010101011001000001011101010010000011000111000010000001011010000001001000
1000000000100001001100001001100010000110111100000000001100111000010000111100000000001001010111011000
1010000010001010100001001111101001100000000010011011010001000110101111000000010110100100001000100001
0000010001010100000000100000010101011001000001011101010010000011000111000010000001011010000001001000
0001110100000000000000110000010101010001000000011101110010000011000111000010000001011000000001001000
1010000010001010100001001111101001100000000010011011010001000110101111000000101000001001000111001010
