./ms 10 5 -t 50 -s 100 -r 4 1000 
36208 32899 31635

//
prob: 0.000953227
segsites: 100
positions: 0.0027 0.0088 0.0110 0.0110 0.0198 0.0211 0.0298 0.0395 0.0555 0.0574 0.0581 0.0585 0.0595 0.0732 0.0827 0.0908 0.0949 0.0968 0.0995 0.1050 0.1103 0.1174 0.1221 0.1298 0.1304 0.1324 0.1332 0.1341 0.1429 0.1483 0.1490 0.1547 0.1682 0.1793 0.1824 0.1836 0.1944 0.1945 0.1990 0.2036 0.2166 0.2336 0.2336 0.2341 0.2398 0.2460 0.2519 0.2589 0.2658 0.2821 0.2835 0.2971 0.3022 0.3032 0.3054 0.3176 0.3305 0.3337 0.3372 0.3400 0.3405 0.3412 0.3430 0.3454 0.3460 0.3469 0.3476 0.3568 0.3630 0.3657 0.3663 0.3892 0.4002 0.4130 0.4302 0.4710 0.4996 0.5359 0.5870 0.6007 0.6051 0.6149 0.6491 0.6576 0.6593 0.6728 0.7011 0.7322 0.7411 0.7502 0.7776 0.7894 0.8263 0.8639 0.8776 0.9062 0.9302 0.9490 0.9927 0.9973 
0011001011110100100110011100000100000111001010100010010000001110010000100000001000110110001001100010
0011001011110100100110011100101100000111001010100010010000001010010000101100000010100000011000000000
0011001011110100100110011100000100000111001010100010010000001110010000100000001000110110001001100010
0011001011110100100110011100000100000111001010100010010000001110010000100000001000100000001100000010
0011001011110100100110011100000100000111001010100010010000001010010000100000000101000000000010001001
0011001011110100100110011100000100000111001010100010010000001010010000100000000001001000000010001001
1100110100001011011001100011010000110000110101001101001111110001101111010011100000000001100000000100
1100110100000011001001100011010001111000110101011101001111110001101111010010000000000000100000000100
1100110100000011001001100011010010110000110101001101101111010001101111010010010000000000000000010000
0011001011110100100110011100000100000111001010100010010000001010010000100000000001000000000010001001

//
prob: 0.000437134
segsites: 100
positions: 0.0343 0.0346 0.0373 0.0376 0.0455 0.0558 0.0663 0.0760 0.0784 0.0809 0.0838 0.0902 0.0923 0.0980 0.1020 0.1273 0.1328 0.1435 0.1714 0.2152 0.2191 0.2339 0.2480 0.2600 0.2686 0.2956 0.3069 0.3638 0.3656 0.3668 0.3675 0.4002 0.4020 0.4098 0.4144 0.4461 0.4578 0.5017 0.5256 0.5295 0.5666 0.5710 0.5720 0.5845 0.5927 0.5973 0.5977 0.6009 0.6190 0.6232 0.6264 0.6292 0.6328 0.6339 0.6396 0.6422 0.6452 0.6458 0.6476 0.6486 0.6551 0.6729 0.6764 0.6782 0.6793 0.6802 0.6841 0.6868 0.6900 0.6901 0.6979 0.7005 0.7186 0.7197 0.7258 0.7275 0.7279 0.7281 0.7310 0.7446 0.7491 0.7547 0.7609 0.7626 0.7726 0.7777 0.8019 0.8335 0.8457 0.8492 0.8543 0.9038 0.9078 0.9319 0.9435 0.9585 0.9893 0.9898 0.9977 0.9988 
0000011000100011100000000000100000010001011110000011110111001001100000010101000100011100101000001000
0000010000100011100000000000100000000001011110000011110111101001100000010101000100011100101000001000
0000100101010100001000101000000001000101011110101100000000010110010010101000001100110110111000000011
0000000001010100001000111000000101001000000000011100000000010110011110101000001100110100101000000011
0011000010101000010011000011011011100000000000001100000000010110010010101000001100110100101000000011
1000010000100011100000000100100000000001011110101100000000010110010010101000001100110100111000000011
1000010000100011100100000100100000000001011110101100000000010110010010101000001100110100111000000011
0100000101010100001000101000000001000111100001000000001000000100010001100010110011000001000111110100
0000100101010100001000101000000001000111100001000000001000000100010001100010110011000001000110110100
1000010000100011100000000100100000000001011110101100000000010110010010101000001100110100111000000011

//
prob: 3.87615e-07
segsites: 100
positions: 0.0350 0.0380 0.0403 0.0463 0.0589 0.0872 0.1020 0.1059 0.1192 0.1516 0.1552 0.1728 0.1751 0.1785 0.1965 0.2119 0.2214 0.2361 0.2530 0.2553 0.2592 0.2611 0.2657 0.2745 0.2798 0.2813 0.2864 0.2936 0.3019 0.3153 0.3358 0.4041 0.4129 0.4308 0.4330 0.4334 0.4361 0.4385 0.4400 0.4754 0.4846 0.4892 0.4902 0.4992 0.5133 0.5204 0.5250 0.5296 0.5350 0.5489 0.5729 0.5946 0.6050 0.6143 0.6158 0.6243 0.6523 0.6576 0.6605 0.6669 0.6858 0.6876 0.6939 0.6972 0.7058 0.7140 0.7471 0.7617 0.7624 0.7962 0.8015 0.8073 0.8240 0.8251 0.8298 0.8308 0.8401 0.8517 0.8619 0.8663 0.8729 0.8754 0.8904 0.8946 0.9177 0.9208 0.9236 0.9317 0.9322 0.9354 0.9366 0.9390 0.9527 0.9539 0.9549 0.9623 0.9632 0.9852 0.9864 0.9971 
0010000111110101000010001001011010100110010100100000010100011100000110101001110100100100000110001010
0010000111110101000010001001011010100110010100100001010100011100000110101001110100100100000110001010
0010000111110101000010001001011010100110010000100000010100011100000110101001110100100100000110001010
0010000010011101110010000000011000010010000001000000000100110100000100101001010100101101010100000010
0000000000000010000100100110100100000001001010001000100001000000100001010010001000000010001000100000
0000000000000010000100100110100100000001001010001000100001000000100001010000001000000010001001100000
0101111010010100000000000000010001101010110000010000000100010100011100101101010110110100000100001010
0010000110010101001011000000011010100110010000100000010100011100000110101001110100100100100110001110
0010000010011101110010000000011000010010000001000000000100110110000100101001010100101101010100000010
1101111010010100000000010000010000101010110000000110001110010101011100101101010111110100000100011011

//
prob: 0.0017811
segsites: 100
positions: 0.0028 0.0141 0.0293 0.0307 0.0345 0.0348 0.0784 0.0950 0.1188 0.1243 0.1244 0.1253 0.1533 0.1919 0.2098 0.2526 0.2560 0.2842 0.3175 0.3430 0.3449 0.3647 0.3678 0.3765 0.3877 0.3933 0.3961 0.3971 0.4034 0.4075 0.4309 0.4532 0.4635 0.4825 0.4862 0.4902 0.5061 0.5297 0.5325 0.5345 0.5481 0.5506 0.5534 0.5681 0.5870 0.5883 0.6045 0.6212 0.6250 0.6319 0.6401 0.6469 0.6580 0.6977 0.6985 0.7044 0.7300 0.7322 0.7400 0.7601 0.7610 0.7658 0.7684 0.7790 0.7890 0.7944 0.8034 0.8167 0.8360 0.8376 0.8398 0.8418 0.8739 0.8745 0.8823 0.8845 0.8856 0.8866 0.8870 0.8919 0.9098 0.9165 0.9232 0.9236 0.9251 0.9256 0.9260 0.9293 0.9342 0.9366 0.9383 0.9430 0.9438 0.9474 0.9505 0.9601 0.9668 0.9689 0.9779 0.9828 
0000000011001100000010001101000110011011000001100000110000000101000101110011000011000101100111110110
0101101000010010010101010000110000000100010010001101001111001000011010001100111100101010011000001000
0000000011000100000010001111000010011011000001110000110000000001000101110011000011000101100111110110
0001111000010010000001110000110000000100010010001101001011101000111010001100111100101010011000001000
0001101000010010000001010000110000000100110010001101001011001000011010001100111100101010011000001000
0010000011000101101010001101000010100011001100100000110000000001000001010011000010000101100111110110
0000000011000100101010001101001010100011000000100000110000000001000001010011000010010101100111110110
0101101000010010010101010000110000000100010010001101001111001000011010001100111100101010011000001000
1000000111100100101010001101000011000011000000100010110000010011000001010011000010000101100111110111
0000000011000100000010001111000010011011000001110000110000000001000101110011000011000101100111110110

//
prob: 0.0168824
segsites: 100
positions: 0.0064 0.0135 0.0267 0.0308 0.0605 0.0674 0.0827 0.0998 0.1324 0.1608 0.1770 0.1781 0.1793 0.1846 0.1848 0.1862 0.1920 0.1941 0.1963 0.1969 0.2038 0.2171 0.2183 0.2207 0.2263 0.2296 0.2348 0.2447 0.2450 0.2452 0.2513 0.2544 0.2678 0.2796 0.2989 0.3001 0.3022 0.3123 0.3161 0.3265 0.3330 0.3424 0.3453 0.3572 0.3580 0.3623 0.3629 0.3709 0.3718 0.3773 0.3799 0.3988 0.4019 0.4031 0.4045 0.4117 0.4352 0.4459 0.4460 0.4512 0.4857 0.4886 0.4951 0.4985 0.4993 0.5338 0.5420 0.5575 0.5843 0.5914 0.6281 0.6317 0.6466 0.6594 0.6799 0.6882 0.6938 0.7142 0.7245 0.7337 0.7679 0.7701 0.7843 0.8150 0.8201 0.8389 0.8446 0.8516 0.8605 0.9000 0.9108 0.9265 0.9329 0.9409 0.9445 0.9545 0.9673 0.9846 0.9866 0.9908 
1010000111000010100100100010100001010100110011010001001000101011001000100000000010000110000010100101
1010000111000000100101000010100001010100110011010001000000101011001000001001011000101000101000001000
0000011000011100011000001001000000100010000100000100010010010000100010010000011000001001110100110001
1011000101000000100100000010100001011100110011010001000000101011001000000100000100000110000010100101
1000100101000001100100000000010010010000010100000100010010010000100010000010011000001001101000001000
0100000001000001100110010000010010010001011001011011100001000000011001001000111000101000101001001000
0100000001000001100100010000010010010001011001011011100001000000011001001000111000101000101001001000
0100000001000001100110010000010010010001011001011011100001000000011001001000111000101000101001001000
0100000001000001100100010000010010010001011001011011100001000000011001001000111000101000101000001000
0000010001100000100100000100001110010000010001111001100100000100011110000000011001011001110100100011
