./ms 10 5 -t 50 -s 100 -r 72 1000 
5453 30265 6737

//
prob: 4.86587e-08
segsites: 100
positions: 0.0062 0.0091 0.0111 0.0154 0.0184 0.0213 0.0308 0.0327 0.0360 0.0432 0.0480 0.0481 0.0527 0.0565 0.0569 0.0593 0.0605 0.0742 0.0837 0.0948 0.1005 0.1026 0.1167 0.1449 0.1644 0.1654 0.1780 0.1828 0.2009 0.2015 0.2023 0.2038 0.2068 0.2226 0.2235 0.2257 0.2331 0.2353 0.2419 0.2423 0.2433 0.2503 0.2507 0.2529 0.2602 0.2688 0.2701 0.2838 0.2890 0.3089 0.3175 0.3603 0.3665 0.3836 0.3882 0.3932 0.3937 0.4132 0.4234 0.4257 0.4734 0.4742 0.4908 0.4973 0.5025 0.5217 0.5225 0.5251 0.5330 0.5408 0.5410 0.5532 0.5591 0.5757 0.5984 0.6120 0.6193 0.6447 0.6456 0.6464 0.6467 0.6493 0.6682 0.6987 0.7060 0.7435 0.7448 0.7917 0.8052 0.8098 0.8837 0.8843 0.8868 0.9055 0.9105 0.9126 0.9286 0.9499 0.9611 0.9859 
1101001110000100110001001010000001001010010111000010000010110000110001000100011100100001101001000000
1101001110000100110001001010000001001010010111000010000011110000110001000100011100100001101001000000
0000110001000000001000000001101100000101001000101101000000100100111000100011000010100001100000000100
1111000010100000010101011110000000010101001000101010011100110000110001000100011100100001100000000100
1101000000001110010000001010000001000101001001001000100000000000110111010101000010100001001000111011
0000101010100000011000000001000001001010010100010010000010110000110001000100011100110001001100101011
1100101010100000010101011110010000110101001000101010001100111011000111011000110101001111011011000000
1101000000010001001000100000101111001010010101010100000010110000110001000101000010000000001001000000
1101000000001110010010001010001100010101101000100010000010110000110001000100011100100001101001000000
1101001110000100110001001010000001001010010111000010000010110000110001000100011100100001101001000000

//
prob: 8.78115e-05
segsites: 100
positions: 0.0360 0.0647 0.0832 0.0953 0.0998 0.1066 0.1140 0.1272 0.1355 0.1395 0.1396 0.1468 0.1505 0.1644 0.1677 0.1732 0.1916 0.2071 0.2345 0.2411 0.2582 0.2654 0.2755 0.2775 0.2871 0.3210 0.3273 0.3337 0.3358 0.3487 0.3653 0.4280 0.4362 0.4486 0.4592 0.4615 0.4656 0.4669 0.4743 0.4744 0.4744 0.4787 0.4905 0.5000 0.5015 0.5087 0.5129 0.5159 0.5165 0.5245 0.5304 0.5550 0.5629 0.5811 0.5831 0.5846 0.5853 0.5953 0.5992 0.6071 0.6354 0.6402 0.6494 0.6684 0.6872 0.7008 0.7188 0.7267 0.7341 0.7635 0.7743 0.7780 0.7807 0.7849 0.7863 0.8033 0.8186 0.8218 0.8221 0.8246 0.8272 0.8580 0.8622 0.8642 0.8661 0.8698 0.8747 0.8824 0.8836 0.8931 0.8972 0.9100 0.9263 0.9346 0.9428 0.9437 0.9452 0.9479 0.9688 0.9839 
0010101110001101000001100100010110000001100010100000001001100000011110010110000100000000000110010100
1000001110010010000110000100001010111010010001011100010110011010100001000011010000001001011110010000
1001001110010010000100000100001000000001100110000000100001100000011100000000101001010011011110010000
0000001110100100001000000000001001000001100010000000000001100000011100010010101001010001011110010000
0000010000000100000000000001110010111010010001011100010110011010100000010010000010000000000001000000
0010001110001101010000100110001000000001100010100001000001100000011100010010000001010001111101001000
0010001111100100001000000000001001000001100010100000000001100001011100011010101001010001011110010000
1001001110010010100100001100001010100100101001011010000001100000011100010010010000101100000000000000
1101001110010010000100010100001000000001100110000000100001100000011110110110010000001000000000000011
1000001110010010000100000100001010100100101001011010010111100100011110010110010000001000000000100000

//
prob: 0.0272744
segsites: 100
positions: 0.0113 0.0206 0.0223 0.0283 0.0291 0.0322 0.0341 0.0393 0.0425 0.0482 0.0573 0.0724 0.0728 0.0793 0.0828 0.1088 0.1140 0.1284 0.1454 0.1494 0.1598 0.1731 0.1731 0.1779 0.1874 0.1888 0.1913 0.2037 0.2058 0.2063 0.2089 0.2107 0.2113 0.2126 0.2147 0.2167 0.2169 0.2175 0.2191 0.2435 0.2445 0.2453 0.2570 0.2603 0.2628 0.2643 0.2700 0.2898 0.2958 0.2986 0.3036 0.3086 0.3118 0.3222 0.3376 0.3382 0.3533 0.3535 0.3630 0.3811 0.3824 0.4059 0.4200 0.4409 0.4432 0.4447 0.4457 0.4551 0.4618 0.4649 0.5035 0.5104 0.5252 0.5895 0.6034 0.6076 0.6097 0.6243 0.6519 0.6602 0.6749 0.7135 0.7139 0.7150 0.7628 0.7680 0.7703 0.7797 0.7879 0.7935 0.8008 0.8175 0.8823 0.8997 0.9177 0.9261 0.9291 0.9737 0.9761 0.9787 
0000001111000001111000001110010011110110100011100000000000000100110001000100001100001100000110000110
0000001111000001111000001110010011110110100011100000000000000100110001000100001100001100000110000110
1000100100000001000001010001100100001000010011100000000000100100000100000000000101001100000000101110
0110010000101000000011110001101100001000010000011101100010000000100001001000100100001000000000101110
0110000111010110110100001110000000110001000100111011111111000011001000000010010000000010000100001110
0001001111000000000011110001101100001000010000011101100010000000100001001001000110001000011011000110
0000001111000001111000001110010011110110100011100000000000000100110001010100001100001100011010000110
1000000100000001000011110001101100001000010100111001100010000010100000100000000100000000100100010000
1000000100000001000011110001101100001000011100111001100010000010000010001000000100011001011010000110
0110010000101000000011111110000000110001000100111001100010011011001000000000000100101000011010000111

//
prob: 0.000124317
segsites: 100
positions: 0.0046 0.0078 0.0299 0.0336 0.0465 0.0634 0.0858 0.0917 0.0964 0.0995 0.1005 0.1053 0.1059 0.1361 0.1385 0.1392 0.1425 0.1455 0.1461 0.1604 0.1686 0.1786 0.1876 0.1925 0.1936 0.2257 0.2262 0.2276 0.2512 0.2599 0.2665 0.2801 0.2912 0.2985 0.3122 0.3154 0.3397 0.3480 0.3586 0.3691 0.3726 0.3740 0.3779 0.3921 0.3946 0.4058 0.4119 0.4306 0.4421 0.4427 0.4480 0.4631 0.4738 0.4750 0.4752 0.4752 0.4775 0.5090 0.5111 0.5251 0.5252 0.5291 0.5366 0.5507 0.5609 0.5661 0.5884 0.6051 0.6349 0.6366 0.6490 0.6503 0.6560 0.6561 0.6841 0.6993 0.7150 0.7300 0.7323 0.7541 0.7598 0.8005 0.8106 0.8215 0.8296 0.8530 0.8556 0.8581 0.8628 0.8629 0.8820 0.9058 0.9078 0.9156 0.9230 0.9305 0.9474 0.9500 0.9523 0.9806 
0000000000000000001101010000011001001010000100000101100011110000000001011000011000000001100001000011
0100100010000111100000100110100000111000100010000000001101110000000001001001100010000010100010001000
0000000001111000001011010111000110000000100000000000100010000000010000100101000100111001001000001000
0000000000000000001101010111000110000111100000100000010000011101100101001001100011000001110100101000
0000010001111000011011011110000000101000100001000000100011110000001000000111000000000010100100011000
0000000000000000001101010000011001001010000100000101100011110000000001011000011000000001100001000011
0000010101111000011011011110000010000110101000110010100010000000010000100101000100111001001000001000
0000000000000000001101010000011001001010000100001010100010000000010010000101000100100001100001000001
0100100010000011100101011110000110000111100000100000010000011100010000000101000100100101001000001100
1011101000000000001001010110000110000110110000000000000000010010010000000111000000000010100100001000

//
prob: 1.35797e-12
segsites: 100
positions: 0.0038 0.0279 0.0348 0.0382 0.0834 0.0860 0.0890 0.0944 0.1560 0.1729 0.1823 0.2201 0.2227 0.2244 0.2254 0.2458 0.2494 0.2512 0.2566 0.2659 0.2753 0.2965 0.2996 0.3001 0.3023 0.3108 0.3152 0.3168 0.3175 0.3209 0.3219 0.3225 0.3255 0.3354 0.3473 0.3559 0.3567 0.3619 0.3800 0.3937 0.4128 0.4140 0.4159 0.4237 0.4239 0.4268 0.4278 0.4280 0.4443 0.4515 0.4544 0.4557 0.4599 0.4679 0.4742 0.4846 0.4857 0.4979 0.4994 0.5328 0.5339 0.5470 0.5471 0.5866 0.6024 0.6219 0.6274 0.6336 0.6433 0.6512 0.6535 0.6546 0.6628 0.6667 0.6727 0.6793 0.6986 0.7046 0.7254 0.7317 0.7506 0.7579 0.7648 0.7655 0.7829 0.7843 0.8167 0.8351 0.8382 0.8457 0.8536 0.8602 0.8695 0.8773 0.8799 0.8819 0.9097 0.9558 0.9862 0.9987 
0000000010000000000000110001100010101000001000000000000100110000011101000010000100100110000010110000
0000100000100011000000110001100010000000110000000000010100110000011101000010000100000010000000000000
0110001000000001000100001000010000110000110111111111100000101011011101000010000100000010000000000000
0000001000000000010100110101100011110000010101111000000000110001011100000010101000000000101000000000
0000001101000001000100001000010010000100110000000000010100110000011101000010000010000010000000000000
0000100000000000000101110001000110110100010101111000100000110001001010110110111001110010110000001110
0000001000011101000100001000000010001010001000000000010100110000011101000010000100000010000000000000
0110000010000000000000110001100010101000001000000000000100101101011100111111000100000011000101000001
0001001000000011000010110011100010000101010101111110100000110000011100110100000010101110000000000000
1000111000000000101000110001101010000100010101111100101011010000100000110010000010100110000000000000
