./ms 10 5 -t 50 -s 100 -r 36 1000 
3948 39005 57919

//
prob: 4.36447e-15
segsites: 100
positions: 0.0045 0.0049 0.0078 0.0129 0.0217 0.0235 0.0284 0.0300 0.0394 0.0474 0.0474 0.0583 0.0593 0.0610 0.0631 0.0820 0.0827 0.1117 0.1305 0.1470 0.1510 0.1586 0.1586 0.1825 0.1957 0.2097 0.2243 0.2476 0.2543 0.2572 0.2766 0.2793 0.2798 0.2879 0.2888 0.3127 0.3239 0.3343 0.3456 0.3540 0.3606 0.3968 0.4071 0.4096 0.4188 0.4298 0.4565 0.4690 0.4698 0.4745 0.4818 0.4828 0.4832 0.4885 0.4938 0.4959 0.5039 0.5193 0.5194 0.5205 0.5213 0.5501 0.5716 0.5802 0.5885 0.6093 0.6216 0.6245 0.6389 0.6428 0.6441 0.6445 0.6453 0.6510 0.6694 0.7107 0.7160 0.7365 0.7402 0.7626 0.7652 0.7835 0.7861 0.7909 0.8188 0.8238 0.8366 0.8393 0.8617 0.8743 0.8783 0.9066 0.9147 0.9209 0.9400 0.9518 0.9551 0.9682 0.9714 0.9999 
1001000110000010011001100010110000100000010000000000000010100010000001011100010000000011110001011100
1000000110000010010110011110110100100101001100001010011101011001001011000101001111110100010001001101
1000100110000010110110011100100001000101010001000000000010100110000000000000100000001011110001011100
1000001000111101001001100011110100100111000100001010011000000000000101000010000000000000000000100010
0010011000111100010100000010110100100101010001010000000000000010100001000101001111110100000000100010
1000000110000010010110011100100001000101010001000000000010100010010000000000000000000011110101011100
1000001000111101001001100010110100110101100100001010011000000000000101100010000000000001010011001101
0010011000111100010100000010110100100101000110101101111101011001000000000000000000000000001000100010
1000000110000010010110011100100001000101010001000000000010100010010000000000000000000011110001011100
0110011001111101001001100000001011001000000100001010011000000000000101000010000000000000000000100010

//
prob: 0.00170337
segsites: 100
positions: 0.0284 0.0320 0.0507 0.0542 0.0875 0.0900 0.0911 0.1114 0.1206 0.1332 0.1426 0.1458 0.1796 0.1835 0.2320 0.2346 0.2590 0.3079 0.3200 0.3363 0.3477 0.3529 0.3582 0.3658 0.3748 0.3945 0.4030 0.4043 0.4113 0.4190 0.4222 0.4297 0.4353 0.4398 0.4550 0.4583 0.4812 0.5244 0.5269 0.5487 0.5585 0.5607 0.5628 0.5691 0.5723 0.5729 0.5759 0.5783 0.5890 0.6069 0.6871 0.6912 0.7131 0.7333 0.7368 0.7441 0.7477 0.7600 0.7620 0.7690 0.7706 0.7758 0.7847 0.7850 0.7879 0.8112 0.8258 0.8259 0.8335 0.8387 0.8401 0.8437 0.8483 0.8542 0.8552 0.8573 0.8621 0.8627 0.8693 0.8831 0.8925 0.8942 0.9034 0.9134 0.9152 0.9178 0.9182 0.9193 0.9201 0.9250 0.9267 0.9481 0.9558 0.9586 0.9670 0.9703 0.9791 0.9800 0.9920 0.9939 
1100000001000100000001000010111110000001101100010010101001010000100110100000100000000000001010110000
1100000000100001000110001000000001010010010011000100010110101100000000000101001000000000000010000110
1100010100111011000001101000000110000001101100110010001001010000100110100000100000000000000010110000
1100000000100001000110001000000001010000010011001100010100101000001000001000000010000111000010001000
0000001000100000110000010110001010101100010011000100010100101000010000000111000000000000000010000010
1110000010100000010000000111001010101000010011000100010100110000000110100000000000101000110001000000
1100000001000000001010000010001110000001101100010001001001010000000111100000000000000000000010000000
0000001000100001000110001000000001010010010011000100010100101110000000000101001000000000000110000110
0001101000100001000110000000000001010001101100010000001001010000000110100000100000000000000010110001
1100010100101011000001000000000001100010010011000100010100101001000110110000010101010011000010001000

//
prob: 0.000100813
segsites: 100
positions: 0.0115 0.0245 0.0413 0.0420 0.0447 0.0583 0.0606 0.0787 0.0952 0.1062 0.1085 0.1380 0.1706 0.2014 0.2112 0.2159 0.2195 0.2198 0.2271 0.2578 0.2607 0.2898 0.3024 0.3028 0.3065 0.3077 0.3224 0.3269 0.3306 0.3461 0.3717 0.3723 0.3761 0.3900 0.4041 0.4053 0.4099 0.4201 0.4378 0.4495 0.4499 0.4550 0.4615 0.4750 0.4759 0.4990 0.5063 0.5082 0.5202 0.5237 0.5297 0.5365 0.5502 0.5515 0.5540 0.5606 0.5653 0.5729 0.5826 0.5890 0.6158 0.6261 0.6440 0.6640 0.6771 0.6792 0.6972 0.7171 0.7293 0.7293 0.7335 0.7346 0.7420 0.7456 0.7584 0.7658 0.7851 0.7902 0.7968 0.8017 0.8118 0.8174 0.8227 0.8460 0.8507 0.8627 0.8870 0.8893 0.9030 0.9072 0.9185 0.9210 0.9215 0.9413 0.9616 0.9648 0.9705 0.9713 0.9815 0.9912 
0010000100001000110100100011100000101000110100101000000000010000000000110000000000010010000010101001
0000000000000010000000001000001101001000000010111000000101010000000101000010010100000010110010000110
0000000000000000110100100011100000101000000010101010000000010001100000000000110010010100000010101000
0010010100000000110100100011100000101000000010111000000001010000000100000010010100000010110010000110
0001100100000101110001011000000000100001001011000100011010001100000100001010010000101010000011101000
0010000100000000110110001000001111010110010100000000011010101100000010000000110010000010001100010000
1010000100000000110100001100001111010110010100000000011010101100000000000000100000000011000000000000
0001101100000101110001011000000000100001001011000100111010001110010100001010010000100010000011101000
0101100100100101110001011000000000100001001011000100011010001100001100001010010000100010000011101000
0000000011010000111000000000010000000000110100101001000000010000100000100101011001000010000010101000

//
prob: 1.45383e-05
segsites: 100
positions: 0.0009 0.0031 0.0098 0.0262 0.0284 0.0383 0.0427 0.0482 0.0543 0.0554 0.0881 0.0934 0.0963 0.0971 0.1131 0.1178 0.1179 0.1358 0.1391 0.1547 0.1704 0.1776 0.1783 0.1787 0.1908 0.2017 0.2041 0.2052 0.2171 0.2262 0.2399 0.2400 0.2404 0.2727 0.2739 0.2874 0.3190 0.3208 0.3233 0.3329 0.3354 0.3407 0.3453 0.3608 0.3645 0.3692 0.3868 0.3877 0.3942 0.4052 0.4148 0.4171 0.4188 0.4225 0.4240 0.4870 0.5063 0.5085 0.5109 0.5174 0.5255 0.5373 0.5375 0.5529 0.5535 0.5614 0.5648 0.5753 0.5758 0.5866 0.5874 0.5958 0.6052 0.6089 0.6173 0.6200 0.6427 0.6783 0.6812 0.6821 0.7194 0.7229 0.7277 0.7299 0.7309 0.7333 0.7364 0.7388 0.7479 0.7624 0.7658 0.8524 0.8791 0.8837 0.9004 0.9197 0.9205 0.9290 0.9364 0.9677 
1010000000010010000010000110000010100010001001100100000011000100010100000011100000010011000000000011
0100000000010011101001010000000001000000001001100011100011000100010101100011000000100011000011111001
1011000011010011101101010000001100010000101110011100001111000100010100101011100000000011000000000001
1010000000010011101001010000000001000000001001100011100011001110010110010100001001001000100100000100
0100000000010011101001010000000001000001001110011100001111000100010100101011100000000011000000000001
0100000000101100010000001110000010000100010100011100000011000100010100000011000010000111000000000001
0010000000010000010000000001101100000000101001100100010011000100010100010100000000000011010000000001
1010000000010011101001010000000001000001001110011100000111000100010100101011100100000011000000000001
1010000000001100000000100100010000000000001001100011100011000100010100010100000000000011010000000001
0000111100101100010000000110000010001000101001100100010000110001101000010011010000000011001000000001

//
prob: 5.03079e-05
segsites: 100
positions: 0.0093 0.0276 0.0282 0.0387 0.0584 0.0602 0.0772 0.0801 0.0816 0.0831 0.0866 0.0995 0.1018 0.1048 0.1098 0.1126 0.1369 0.1404 0.1435 0.1549 0.1885 0.2057 0.2475 0.2711 0.2721 0.3036 0.3190 0.3233 0.3266 0.3319 0.3379 0.3415 0.3590 0.3695 0.3710 0.3773 0.3850 0.3952 0.4099 0.4129 0.4233 0.4456 0.4458 0.4585 0.4651 0.4729 0.4760 0.4839 0.4844 0.4878 0.4923 0.4986 0.5026 0.5281 0.5311 0.5350 0.5364 0.5432 0.5519 0.5933 0.5959 0.5994 0.6116 0.6188 0.6535 0.6723 0.6789 0.6841 0.7142 0.7177 0.7188 0.7258 0.7466 0.7479 0.7570 0.7981 0.7982 0.8038 0.8110 0.8223 0.8223 0.8319 0.8342 0.8359 0.8371 0.8422 0.8445 0.8499 0.8597 0.8623 0.8625 0.8914 0.8950 0.8991 0.9325 0.9365 0.9423 0.9498 0.9565 0.9886 
0010000001010000101100010000000010000000110110000100100110101010001000010000010101010000100000000111
1000001000101010000100010000000010000001000001010000010000100001000000001010000000000010000000100000
0000010100000000011100001010111101001100001000101001001000000000000010100001101100001000000010001000
0001100000101101001101100100100000110011000001010000010001100001000001000100000110100000001101000010
0010000001010000101100010000000010000000110110000100100110101010001000010000010101010000100000000111
0001100000101101001101100100100000110011000001010000010001100001000001000100000110100000001101000010
0010000001010000101100010000000010000000010110000100100110101110001000010000010100010100000000010000
0010000001010000101101100100100000110000000001010010010000110001011000010000000100010001000000010000
0100011010110000101110000001000001001100001000001000001000100000100100001000000000000000010000000111
1000001000101010000001100100100000110000000001010000010000110001011000010000000100010000000000010000
